[fesvr] Wrote 36 bytes of bootrom to 0x1000
[fesvr] Wrote entry point 0x80000000 to bootloader slot 0x1020
[fesvr] Wrote 56 bytes of bootdata to 0x1024
[Tracer] Logging Hart          8 to logs/trace_hart_00000008.dasm
[Tracer] Logging Hart          0 to logs/trace_hart_00000000.dasm
[Tracer] Logging Hart          1 to logs/trace_hart_00000001.dasm
[Tracer] Logging Hart          2 to logs/trace_hart_00000002.dasm
[Tracer] Logging Hart          3 to logs/trace_hart_00000003.dasm
[Tracer] Logging Hart          4 to logs/trace_hart_00000004.dasm
[Tracer] Logging Hart          5 to logs/trace_hart_00000005.dasm
[Tracer] Logging Hart          6 to logs/trace_hart_00000006.dasm
[Tracer] Logging Hart          7 to logs/trace_hart_00000007.dasm
-17.508700
14.757458
20.148315
17.716311
-18.761931
7.383214
1.445066
19.886171
-10.480778
-3.693116
4.288390
-2.997747
-3.470843
8.235376
-1.260872
-30.540547
-13.696125
-1.972752
-11.955467
-1.599428
1.520370
9.945337
10.994789
7.928067
-4.906917
-8.669893
-23.023484
39.423776
-45.749363
-0.517436
-8.910467
-24.516150
7.317849
-10.566528
7.272456
9.853245
-11.627919
21.283784
3.361177
-8.361145
-9.019912
0.734829
12.702666
14.126298
-2.827316
-2.884374
25.708637
-15.615566
-7.032040
-5.508863
-12.858976
-22.466113
-10.622560
6.218814
-5.183365
9.619302
24.679334
3.554200
4.731351
-17.746990
9.950876
-8.063643
-2.972863
-11.475556
11.712471
13.980585
2.994097
-10.011459
4.117601
-16.882226
7.004953
11.435697
14.445960
4.129646
14.113966
-11.464132
-3.631984
-9.309466
11.776520
-3.197213
-11.365321
7.145273
-4.912381
2.774377
6.835525
2.247473
17.243022
1.859131
-16.626723
5.532857
-9.873393
7.850814
2.108697
-17.924934
-2.438932
-5.213962
-21.196621
9.619381
-10.216279
-6.817120
4.652662
5.185805
11.929530
3.124431
-26.601077
-6.700333
-13.615077
1.589047
4.283882
8.736884
-25.076032
5.931900
27.050361
-6.856812
-15.421423
18.787285
-2.643873
-0.094359
-9.539102
-3.485687
-61.177627
34.079839
68.887093
29.431980
-49.351769
15.680558
-13.350681
57.168691
-36.943374
0.157532
11.945337
-4.788959
-7.019201
0.803605
6.748748
-78.233190
-22.300667
-3.436895
-41.322144
8.841451
26.550688
33.295875
24.377946
15.069895
-14.098645
-17.278790
-59.927439
63.282876
-115.490407
14.564429
-34.824030
-49.599408
20.631525
-10.482960
19.440763
17.322939
-36.705786
63.745822
31.028269
-22.451161
-42.332649
-16.273622
20.606711
32.315924
-16.852387
8.723766
81.127438
-37.172808
-22.405992
-8.740484
-31.763000
-68.411507
-43.754042
13.600701
-23.047244
23.445367
43.533251
2.641918
-4.530316
-49.231031
36.300460
-31.875526
3.423634
-3.291955
2.848860
33.210523
2.862684
-30.127756
-5.576109
-32.402087
7.704264
23.315039
23.641185
22.288346
36.625660
-33.859504
-3.724182
-34.687598
23.243486
-24.488093
-23.521823
33.096697
-19.643302
8.433701
15.576329
-2.722374
31.057029
1.486038
-31.207955
19.739046
-43.557190
32.006668
26.313691
-50.443312
-8.238557
-13.601085
-54.448643
26.452441
-27.023280
-16.583131
14.103784
42.918041
32.365943
27.234757
-78.695636
-16.872852
-51.364211
-2.829100
23.970825
43.493619
-67.492972
10.577797
84.785250
-1.007519
-42.248635
54.971847
-3.607895
-5.343689
-24.837987
-6.303393
dispatch 0: 270219 - 265553 = 4666

cycles 307275
